mega
0.993
26
117
54 98 60 61 93 76 66
1 1 2 3 3 6 4
0.065 0.044 0.077 0.078 0.005 0.061 0.051 0.063 0.033 0.062 0.06 0.034 0.058 0.061 0.028 0.068 0.011 0.022 0.018 0.059 0.042
0.054 0.067 0.04 0.091 0.012 0.043 0.085 0.051 0.057 0.03 0.058 0.076 0.055 0.065 0.032 0.037 0.021 0.017 0.063 0.043 0.003
0.001 0.079 0.078 0.047 0.058 0.066 0.038 0.049 0.026 0.071 0.039 0.071 0.041 0.041 0.05 0.023 0.077 0.028 0.07 0.014 0.033
0.052 0.086 0.079 0.024 0.049 0.026 0.048 0.013 0.029 0.087 0.028 0.017 0.063 0.073 0.096 0.009 0.007 0.066 0.095 0.052 0.001
0.033 0.02 0.039 0.016 0.096 0.093 0.031 0.063 0.087 0.069 0.06 0.049 0.02 0.034 0.062 0.009 0.079 0.031 0.012 0.048 0.049
0.081 0.003 0.004 0.017 0.042 0.125 0.026 0.048 0.005 0.053 0.061 0.062 0.117 0.036 0.007 0.04 0.048 0.027 0.117 0.054 0.027
0.028 0.018 0.04 0.078 0.012 0.019 0.071 0.044 0.06 0.055 0.039 0.047 0.063 0.023 0.073 0.038 0.038 0.059 0.057 0.075 0.063
0.095 0.066 0.0 0.053 0.035 0.02 0.042 0.028 0.061 0.069 0.037 0.075 0.025 0.011 0.064 0.003 0.092 0.098 0.023 0.06 0.043
0.071 0.111 0.02 0.017 0.007 0.084 0.098 0.026 0.06 0.011 0.078 0.03 0.103 0.062 0.013 0.037 0.04 0.033 0.035 0.036 0.028
0.078 0.084 0.009 0.026 0.034 0.0 0.043 0.025 0.017 0.064 0.019 0.025 0.063 0.108 0.105 0.028 0.019 0.037 0.037 0.069 0.11
0.053 0.064 0.062 0.077 0.094 0.07 0.104 0.017 0.039 0.029 0.041 0.034 0.084 0.03 0.034 0.016 0.005 0.027 0.015 0.034 0.071
0.083 0.002 0.081 0.006 0.04 0.022 0.023 0.046 0.098 0.094 0.011 0.081 0.052 0.065 0.04 0.045 0.076 0.0 0.077 0.049 0.009
0.031 0.046 0.039 0.069 0.066 0.081 0.09 0.069 0.013 0.038 0.081 0.017 0.01 0.086 0.051 0.051 0.011 0.036 0.008 0.06 0.047
0.039 0.026 0.061 0.06 0.008 0.048 0.03 0.066 0.082 0.05 0.062 0.066 0.01 0.042 0.064 0.072 0.021 0.069 0.036 0.044 0.044
0.075 0.046 0.012 0.078 0.087 0.032 0.041 0.034 0.06 0.074 0.079 0.042 0.1 0.009 0.027 0.081 0.011 0.04 0.026 0.045 0.001
0.062 0.018 0.068 0.059 0.014 0.082 0.026 0.002 0.035 0.011 0.081 0.079 0.054 0.078 0.053 0.047 0.003 0.053 0.076 0.046 0.053
0.041 0.058 0.042 0.044 0.086 0.055 0.041 0.015 0.023 0.024 0.084 0.008 0.087 0.039 0.037 0.054 0.085 0.031 0.003 0.051 0.092
0.019 0.038 0.016 0.036 0.044 0.001 0.037 0.061 0.054 0.043 0.061 0.084 0.087 0.019 0.058 0.052 0.057 0.109 0.05 0.05 0.024
0.006 0.08 0.051 0.081 0.092 0.057 0.052 0.019 0.035 0.004 0.019 0.022 0.036 0.078 0.059 0.091 0.069 0.043 0.059 0.006 0.041
0.101 0.075 0.026 0.015 0.075 0.05 0.042 0.066 0.025 0.028 0.026 0.052 0.101 0.069 0.003 0.065 0.015 0.025 0.07 0.042 0.029
0.04 0.072 0.057 0.037 0.014 0.077 0.016 0.025 0.061 0.058 0.048 0.042 0.06 0.009 0.046 0.058 0.057 0.027 0.071 0.077 0.048
0.007 0.083 0.081 0.066 0.064 0.025 0.011 0.079 0.045 0.079 0.052 0.015 0.064 0.057 0.036 0.019 0.015 0.06 0.041 0.067 0.034
0.085 0.009 0.078 0.039 0.031 0.023 0.016 0.061 0.023 0.095 0.006 0.03 0.069 0.102 0.007 0.079 0.108 0.013 0.063 0.017 0.046
0.038 0.049 0.013 0.038 0.064 0.043 0.041 0.056 0.069 0.036 0.005 0.028 0.066 0.081 0.028 0.064 0.081 0.004 0.065 0.05 0.081
0.002 0.011 0.012 0.077 0.077 0.062 0.059 0.045 0.082 0.039 0.03 0.021 0.005 0.01 0.081 0.041 0.081 0.084 0.053 0.055 0.073
0.036 0.026 0.062 0.035 0.091 0.097 0.09 0.015 0.024 0.093 0.05 0.034 0.058 0.012 0.072 0.014 0.078 0.002 0.102 0.005 0.004
0.059 0.038 0.073 0.006 0.052 0.079 0.081 0.077 0.047 0.071 0.001 0.033 0.046 0.059 0.073 0.025 0.033 0.04 0.015 0.039 0.053
0.052 0.057 0.053 0.067 0.015 0.09 0.042 0.02 0.106 0.065 0.045 0.033 0.003 0.029 0.023 0.022 0.069 0.071 0.053 0.025 0.06
0.06 0.064 0.006 0.083 0.077 0.011 0.075 0.08 0.036 0.049 0.026 0.049 0.037 0.022 0.01 0.074 0.071 0.087 0.015 0.033 0.035
0.016 0.066 0.04 0.006 0.043 0.068 0.02 0.063 0.031 0.029 0.076 0.016 0.074 0.053 0.069 0.054 0.021 0.061 0.069 0.076 0.049
0.039 0.062 0.055 0.075 0.026 0.054 0.003 0.007 0.065 0.03 0.058 0.031 0.057 0.05 0.058 0.061 0.067 0.062 0.061 0.044 0.035
0.08 0.046 0.077 0.029 0.096 0.065 0.021 0.04 0.044 0.098 0.075 0.008 0.051 0.007 0.051 0.025 0.017 0.032 0.094 0.043 0.001
0.009 0.08 0.121 0.007 0.006 0.035 0.1 0.077 0.011 0.095 0.037 0.046 0.012 0.019 0.042 0.077 0.036 0.026 0.007 0.069 0.088
0.053 0.064 0.073 0.064 0.011 0.075 0.048 0.062 0.054 0.022 0.003 0.058 0.026 0.062 0.053 0.027 0.012 0.044 0.054 0.071 0.064
0.029 0.044 0.043 0.031 0.046 0.038 0.079 0.088 0.037 0.002 0.029 0.066 0.028 0.062 0.077 0.064 0.046 0.006 0.086 0.051 0.048
0.046 0.083 0.027 0.015 0.043 0.002 0.019 0.064 0.086 0.021 0.003 0.024 0.014 0.069 0.081 0.073 0.08 0.083 0.074 0.075 0.018
0.031 0.072 0.03 0.035 0.042 0.042 0.08 0.072 0.004 0.102 0.04 0.05 0.078 0.014 0.026 0.006 0.011 0.039 0.1 0.096 0.03
0.017 0.056 0.072 0.021 0.058 0.033 0.055 0.025 0.083 0.041 0.065 0.043 0.034 0.039 0.059 0.075 0.052 0.049 0.012 0.025 0.086
0.067 0.08 0.039 0.072 0.06 0.016 0.086 0.089 0.026 0.023 0.03 0.041 0.017 0.065 0.074 0.071 0.078 0.006 0.027 0.028 0.005
0.105 0.081 0.0 0.06 0.01 0.029 0.036 0.049 0.007 0.014 0.025 0.04 0.089 0.094 0.073 0.107 0.089 0.01 0.047 0.033 0.002
0.063 0.077 0.076 0.07 0.048 0.033 0.031 0.041 0.084 0.043 0.074 0.021 0.054 0.035 0.015 0.077 0.002 0.048 0.036 0.02 0.052
0.018 0.085 0.021 0.078 0.066 0.07 0.082 0.082 0.012 0.04 0.084 0.018 0.076 0.032 0.05 0.009 0.046 0.006 0.068 0.035 0.022
0.049 0.075 0.051 0.009 0.062 0.076 0.065 0.083 0.017 0.02 0.043 0.01 0.027 0.054 0.045 0.087 0.054 0.088 0.021 0.005 0.059
0.018 0.032 0.08 0.073 0.083 0.036 0.062 0.063 0.048 0.05 0.064 0.006 0.077 0.082 0.057 0.014 0.026 0.03 0.004 0.009 0.086
0.022 0.087 0.101 0.044 0.011 0.008 0.011 0.04 0.027 0.081 0.027 0.049 0.116 0.016 0.023 0.091 0.019 0.099 0.057 0.04 0.031
0.001 0.073 0.076 0.048 0.082 0.01 0.085 0.076 0.084 0.002 0.048 0.009 0.07 0.023 0.066 0.048 0.071 0.039 0.007 0.08 0.002
0.039 0.059 0.087 0.028 0.072 0.009 0.042 0.011 0.056 0.082 0.002 0.075 0.054 0.071 0.078 0.072 0.064 0.023 0.06 0.007 0.009
0.004 0.092 0.039 0.032 0.041 0.062 0.054 0.005 0.018 0.002 0.044 0.065 0.09 0.018 0.066 0.054 0.036 0.077 0.072 0.059 0.07
0.087 0.05 0.02 0.048 0.073 0.031 0.098 0.001 0.005 0.032 0.034 0.049 0.023 0.094 0.061 0.06 0.013 0.069 0.085 0.062 0.005
0.012 0.089 0.007 0.032 0.04 0.021 0.015 0.07 0.088 0.082 0.066 0.05 0.043 0.022 0.035 0.056 0.022 0.05 0.079 0.089 0.032
0.092 0.068 0.026 0.006 0.073 0.062 0.055 0.049 0.02 0.03 0.06 0.077 0.024 0.007 0.037 0.066 0.092 0.02 0.074 0.01 0.052
0.002 0.062 0.031 0.056 0.045 0.003 0.036 0.026 0.066 0.043 0.081 0.087 0.069 0.02 0.046 0.09 0.091 0.045 0.047 0.025 0.029
0.04 0.034 0.048 0.035 0.052 0.032 0.072 0.02 0.02 0.017 0.055 0.088 0.038 0.094 0.091 0.018 0.068 0.052 0.096 0.002 0.028
0.006 0.031 0.002 0.08 0.086 0.078 0.018 0.071 0.017 0.081 0.05 0.053 0.042 0.087 0.011 0.064 0.068 0.06 0.07 0.022 0.003
0.08 0.058 0.069 0.039 0.077 0.019 0.068 0.053 0.03 0.041 0.035 0.007 0.056 0.051 0.033 0.049 0.024 0.065 0.074 0.039 0.033
0.061 0.059 0.028 0.077 0.051 0.03 0.034 0.064 0.043 0.041 0.04 0.04 0.06 0.061 0.012 0.042 0.066 0.048 0.041 0.06 0.042
0.093 0.019 0.091 0.029 0.029 0.069 0.083 0.017 0.051 0.008 0.052 0.09 0.019 0.025 0.034 0.003 0.072 0.083 0.071 0.041 0.021
0.028 0.007 0.07 0.079 0.045 0.065 0.038 0.085 0.055 0.002 0.038 0.053 0.067 0.014 0.007 0.076 0.079 0.078 0.084 0.026 0.004
0.09 0.048 0.083 0.051 0.015 0.026 0.045 0.034 0.05 0.039 0.092 0.003 0.021 0.001 0.023 0.085 0.045 0.069 0.059 0.035 0.086
0.008 0.023 0.03 0.077 0.028 0.085 0.087 0.021 0.059 0.044 0.028 0.032 0.03 0.055 0.073 0.073 0.067 0.028 0.035 0.046 0.071
0.04 0.019 0.045 0.006 0.021 0.076 0.021 0.067 0.07 0.068 0.048 0.038 0.068 0.068 0.077 0.04 0.01 0.079 0.026 0.035 0.078
0.083 0.008 0.066 0.029 0.033 0.066 0.07 0.008 0.082 0.028 0.017 0.038 0.063 0.069 0.076 0.076 0.069 0.019 0.015 0.005 0.08
0.073 0.062 0.079 0.037 0.079 0.014 0.086 0.005 0.011 0.047 0.049 0.042 0.007 0.032 0.022 0.083 0.051 0.073 0.085 0.047 0.016
0.056 0.004 0.072 0.047 0.04 0.067 0.01 0.08 0.05 0.0 0.028 0.071 0.036 0.045 0.072 0.021 0.074 0.019 0.079 0.045 0.084
0.089 0.034 0.033 0.017 0.086 0.077 0.03 0.002 0.087 0.094 0.012 0.031 0.059 0.031 0.06 0.047 0.071 0.004 0.079 0.052 0.005
0.058 0.052 0.08 0.085 0.009 0.0 0.081 0.035 0.057 0.009 0.073 0.1 0.073 0.081 0.013 0.006 0.048 0.05 0.02 0.018 0.052
0.046 0.007 0.106 0.01 0.035 0.066 0.007 0.083 0.056 0.038 0.045 0.015 0.049 0.044 0.095 0.035 0.028 0.052 0.1 0.081 0.002
0.077 0.003 0.048 0.045 0.029 0.04 0.038 0.07 0.035 0.062 0.051 0.01 0.086 0.084 0.058 0.018 0.034 0.078 0.029 0.048 0.057
0.057 0.069 0.01 0.077 0.011 0.016 0.087 0.072 0.071 0.05 0.03 0.078 0.029 0.028 0.071 0.001 0.031 0.06 0.001 0.076 0.075
0.013 0.027 0.039 0.075 0.066 0.061 0.049 0.058 0.005 0.084 0.059 0.017 0.03 0.009 0.051 0.082 0.023 0.07 0.062 0.07 0.05
0.059 0.039 0.077 0.022 0.034 0.01 0.023 0.039 0.077 0.011 0.08 0.046 0.062 0.065 0.084 0.07 0.038 0.015 0.057 0.006 0.086
0.014 0.073 0.056 0.046 0.073 0.014 0.032 0.013 0.061 0.017 0.056 0.083 0.09 0.072 0.069 0.044 0.073 0.018 0.022 0.072 0.002
0.029 0.064 0.054 0.044 0.025 0.058 0.066 0.067 0.071 0.043 0.037 0.059 0.021 0.011 0.069 0.05 0.034 0.045 0.071 0.008 0.074
0.06 0.082 0.041 0.022 0.011 0.031 0.015 0.079 0.076 0.031 0.06 0.045 0.009 0.051 0.016 0.082 0.042 0.056 0.084 0.066 0.041
0.003 0.093 0.078 0.014 0.058 0.038 0.096 0.068 0.02 0.005 0.074 0.015 0.012 0.03 0.077 0.049 0.04 0.074 0.065 0.003 0.088
0.009 0.012 0.044 0.082 0.044 0.072 0.067 0.073 0.076 0.049 0.068 0.077 0.094 0.044 0.013 0.009 0.037 0.063 0.019 0.027 0.021
0.06 0.056 0.075 0.021 0.009 0.054 0.016 0.027 0.052 0.057 0.082 0.052 0.047 0.089 0.029 0.027 0.086 0.006 0.085 0.0 0.07
0.018 0.029 0.028 0.083 0.089 0.068 0.093 0.058 0.073 0.032 0.052 0.006 0.051 0.06 0.024 0.006 0.081 0.006 0.076 0.063 0.004
0.029 0.054 0.083 0.081 0.022 0.054 0.078 0.017 0.058 0.005 0.042 0.063 0.037 0.022 0.047 0.05 0.08 0.074 0.013 0.035 0.056
0.057 0.028 0.012 0.007 0.088 0.037 0.077 0.039 0.077 0.073 0.012 0.057 0.055 0.067 0.003 0.058 0.023 0.085 0.012 0.066 0.067
0.035 0.076 0.07 0.061 0.044 0.022 0.057 0.019 0.061 0.015 0.037 0.066 0.066 0.071 0.001 0.061 0.069 0.029 0.066 0.066 0.008
0.091 0.04 0.05 0.075 0.09 0.027 0.074 0.03 0.014 0.038 0.006 0.048 0.001 0.093 0.022 0.063 0.062 0.08 0.037 0.034 0.025
0.005 0.038 0.099 0.022 0.053 0.05 0.033 0.08 0.085 0.029 0.002 0.069 0.006 0.063 0.055 0.007 0.101 0.016 0.049 0.046 0.092
0.067 0.094 0.039 0.001 0.023 0.04 0.004 0.061 0.011 0.061 0.111 0.007 0.091 0.013 0.043 0.004 0.044 0.055 0.019 0.111 0.101
0.088 0.001 0.065 0.035 0.067 0.074 0.056 0.026 0.093 0.076 0.008 0.004 0.001 0.007 0.02 0.048 0.034 0.06 0.086 0.077 0.074
0.027 0.087 0.076 0.029 0.055 0.002 0.086 0.072 0.062 0.003 0.046 0.1 0.0 0.062 0.055 0.084 0.073 0.048 0.003 0.014 0.016
0.011 0.037 0.014 0.073 0.017 0.018 0.053 0.025 0.027 0.021 0.078 0.09 0.078 0.034 0.049 0.09 0.037 0.018 0.069 0.062 0.099
0.036 0.059 0.019 0.022 0.077 0.076 0.08 0.038 0.031 0.018 0.024 0.059 0.023 0.058 0.08 0.062 0.064 0.047 0.065 0.034 0.028
0.034 0.043 0.058 0.063 0.053 0.077 0.013 0.037 0.045 0.036 0.044 0.068 0.082 0.01 0.065 0.01 0.025 0.07 0.019 0.089 0.059
0.093 0.074 0.025 0.027 0.014 0.045 0.068 0.096 0.036 0.058 0.026 0.067 0.041 0.022 0.009 0.002 0.031 0.095 0.078 0.042 0.051
0.087 0.038 0.085 0.01 0.032 0.078 0.081 0.023 0.028 0.019 0.063 0.044 0.053 0.015 0.086 0.04 0.001 0.066 0.076 0.018 0.057
0.073 0.064 0.007 0.053 0.071 0.017 0.048 0.05 0.031 0.055 0.082 0.082 0.04 0.061 0.002 0.017 0.077 0.028 0.02 0.041 0.081
0.082 0.03 0.058 0.074 0.081 0.043 0.043 0.072 0.074 0.037 0.046 0.008 0.067 0.057 0.036 0.011 0.018 0.049 0.017 0.046 0.051
0.008 0.047 0.089 0.042 0.025 0.072 0.045 0.065 0.068 0.017 0.071 0.069 0.013 0.088 0.008 0.017 0.087 0.083 0.03 0.043 0.013
0.034 0.114 0.09 0.015 0.003 0.071 0.091 0.081 0.029 0.005 0.008 0.117 0.079 0.008 0.043 0.095 0.024 0.006 0.024 0.02 0.043
0.081 0.094 0.085 0.07 0.007 0.032 0.05 0.069 0.009 0.02 0.058 0.07 0.061 0.008 0.079 0.014 0.041 0.085 0.053 0.014 0.0
0.052 0.072 0.022 0.045 0.054 0.051 0.068 0.019 0.042 0.066 0.068 0.041 0.05 0.054 0.059 0.051 0.052 0.053 0.028 0.02 0.033
0.082 0.075 0.044 0.078 0.048 0.054 0.017 0.027 0.044 0.059 0.028 0.083 0.029 0.081 0.064 0.006 0.05 0.049 0.017 0.027 0.038
0.064 0.054 0.077 0.033 0.063 0.06 0.041 0.078 0.036 0.024 0.025 0.035 0.061 0.045 0.035 0.019 0.03 0.056 0.039 0.079 0.046
0.028 0.017 0.015 0.094 0.044 0.048 0.095 0.006 0.049 0.041 0.036 0.022 0.091 0.081 0.047 0.015 0.006 0.077 0.012 0.095 0.081
0.001 0.01 0.047 0.001 0.099 0.051 0.071 0.004 0.085 0.041 0.084 0.002 0.062 0.081 0.084 0.046 0.076 0.095 0.02 0.009 0.031
0.014 0.043 0.083 0.09 0.021 0.065 0.007 0.031 0.02 0.047 0.101 0.014 0.052 0.096 0.011 0.014 0.053 0.089 0.016 0.095 0.038
0.089 0.043 0.099 0.093 0.008 0.034 0.083 0.034 0.003 0.044 0.057 0.002 0.004 0.072 0.073 0.011 0.01 0.091 0.047 0.064 0.039
0.053 0.064 0.044 0.059 0.034 0.019 0.089 0.073 0.03 0.014 0.013 0.05 0.061 0.003 0.015 0.091 0.075 0.049 0.024 0.033 0.107
0.036 0.051 0.018 0.039 0.067 0.006 0.037 0.086 0.021 0.047 0.083 0.051 0.066 0.089 0.068 0.056 0.019 0.015 0.052 0.069 0.024
0.034 0.012 0.074 0.032 0.071 0.001 0.023 0.057 0.068 0.035 0.083 0.057 0.012 0.034 0.086 0.077 0.02 0.088 0.076 0.005 0.055
0.068 0.071 0.064 0.055 0.03 0.075 0.035 0.029 0.057 0.063 0.025 0.012 0.079 0.063 0.003 0.031 0.044 0.07 0.031 0.068 0.027
0.058 0.073 0.069 0.056 0.03 0.075 0.067 0.074 0.037 0.038 0.045 0.08 0.001 0.035 0.036 0.007 0.016 0.072 0.041 0.038 0.052
0.1 0.091 0.005 0.038 0.003 0.002 0.068 0.059 0.028 0.079 0.098 0.045 0.001 0.017 0.071 0.013 0.033 0.037 0.05 0.099 0.063
0.023 0.027 0.037 0.032 0.012 0.073 0.071 0.094 0.032 0.047 0.104 0.032 0.082 0.004 0.044 0.04 0.053 0.033 0.012 0.009 0.139
0.028 0.034 0.023 0.016 0.014 0.101 0.086 0.1 0.031 0.053 0.043 0.103 0.023 0.067 0.013 0.024 0.103 0.013 0.002 0.026 0.097
0.048 0.008 0.082 0.077 0.019 0.086 0.007 0.069 0.073 0.053 0.017 0.039 0.047 0.022 0.043 0.062 0.078 0.014 0.073 0.056 0.027
0.026 0.04 0.068 0.075 0.051 0.052 0.041 0.062 0.089 0.046 0.057 0.025 0.076 0.006 0.052 0.026 0.016 0.089 0.026 0.006 0.071
0.056 0.075 0.005 0.006 0.055 0.044 0.015 0.048 0.026 0.034 0.082 0.087 0.039 0.068 0.049 0.012 0.005 0.075 0.057 0.085 0.077
0.005 0.048 0.04 0.076 0.058 0.078 0.063 0.072 0.022 0.035 0.075 0.037 0.042 0.049 0.014 0.022 0.04 0.04 0.083 0.078 0.023
0.065 0.044 0.053 0.057 0.035 0.073 0.061 0.008 0.055 0.071 0.051 0.058 0.06 0.043 0.039 0.034 0.059 0.017 0.045 0.062 0.01
0.033 0.091 0.027 0.036 0.039 0.034 0.014 0.086 0.04 0.098 0.091 0.012 0.007 0.0 0.092 0.029 0.096 0.034 0.063 0.032 0.046
0.072 0.067 0.087 0.053 0.048 0.057 0.029 0.033 0.004 0.087 0.06 0.029 0.009 0.041 0.021 0.08 0.079 0.082 0.033 0.014 0.015
0.047 0.062 0.012 0.031 0.024 0.035 0.072 0.067 0.071 0.032 0.053 0.068 0.031 0.064 0.035 0.072 0.047 0.07 0.023 0.033 0.051
0.064 0.01 0.015 0.065 0.07 0.074 0.078 0.068 0.023 0.061 0.038 0.004 0.03 0.066 0.029 0.069 0.048 0.06 0.018 0.077 0.033
0.093 0.06 0.054 0.037 0.039 0.002 0.068 0.051 0.041 0.054 0.003 0.07 0.016 0.06 0.059 0.02 0.035 0.037 0.022 0.095 0.084
0.066 0.016 0.054 0.021 0.07 0.019 0.02 0.009 0.015 0.053 0.106 0.002 0.048 0.032 0.044 0.003 0.11 0.11 0.088 0.004 0.11
0.08 0.013 0.044 0.076 0.078 0.03 0.08 0.058 0.063 0.005 0.051 0.057 0.054 0.083 0.069 0.033 0.063 0.016 0.011 0.029 0.007
0.035 0.045 0.078 0.022 0.017 0.053 0.049 0.025 0.058 0.057 0.02 0.07 0.054 0.072 0.03 0.071 0.073 0.031 0.012 0.073 0.055
0.048 0.002 0.022 0.116 0.065 0.035 0.072 0.11 0.068 0.068 0.073 0.007 0.026 0.09 0.006 0.05 0.003 0.03 0.053 0.047 0.009
0.081 0.036 0.01 0.036 0.086 0.038 0.056 0.067 0.034 0.03 0.033 0.007 0.082 0.002 0.019 0.008 0.079 0.093 0.101 0.06 0.042
0.069 0.023 0.041 0.046 0.075 0.015 0.054 0.028 0.032 0.043 0.02 0.065 0.062 0.076 0.032 0.084 0.049 0.037 0.023 0.054 0.072
0.044 0.048 0.069 0.064 0.075 0.035 0.044 0.036 0.061 0.065 0.069 0.045 0.058 0.033 0.053 0.063 0.03 0.06 0.014 0.001 0.033
0.095 0.036 0.002 0.035 0.054 0.044 0.006 0.022 0.004 0.088 0.052 0.066 0.043 0.036 0.082 0.032 0.006 0.095 0.072 0.053 0.077
0.012 0.083 0.026 0.032 0.069 0.08 0.061 0.021 0.08 0.062 0.074 0.044 0.035 0.039 0.049 0.006 0.076 0.001 0.054 0.088 0.008
0.067 0.007 0.05 0.076 0.071 0.062 0.073 0.066 0.003 0.033 0.055 0.038 0.042 0.069 0.059 0.044 0.03 0.071 0.001 0.063 0.02
0.044 0.059 0.059 0.024 0.049 0.085 0.048 0.056 0.037 0.064 0.027 0.044 0.084 0.037 0.012 0.08 0.084 0.006 0.049 0.027 0.025
0.086 0.015 0.018 0.013 0.071 0.047 0.088 0.066 0.001 0.05 0.086 0.061 0.004 0.089 0.033 0.008 0.064 0.08 0.008 0.026 0.086
0.093 0.024 0.089 0.046 0.076 0.073 0.018 0.016 0.039 0.096 0.012 0.051 0.041 0.039 0.068 0.003 0.079 0.009 0.091 0.03 0.007
0.013 0.016 0.012 0.077 0.014 0.076 0.064 0.018 0.084 0.019 0.034 0.05 0.101 0.003 0.075 0.05 0.025 0.005 0.074 0.11 0.08
0.075 0.004 0.047 0.034 0.007 0.032 0.059 0.006 0.026 0.02 0.033 0.069 0.02 0.038 0.094 0.1 0.051 0.096 0.049 0.06 0.08
0.037 0.058 0.074 0.025 0.072 0.06 0.032 0.075 0.042 0.074 0.02 0.034 0.055 0.027 0.033 0.045 0.068 0.034 0.043 0.048 0.044
0.046 0.051 0.078 0.013 0.07 0.035 0.06 0.046 0.027 0.06 0.047 0.063 0.086 0.021 0.031 0.076 0.035 0.074 0.011 0.06 0.01
0.032 0.034 0.036 0.027 0.045 0.08 0.087 0.081 0.044 0.093 0.037 0.055 0.021 0.058 0.0 0.026 0.022 0.023 0.085 0.052 0.062
0.019 0.011 0.039 0.056 0.045 0.037 0.023 0.038 0.069 0.042 0.081 0.022 0.024 0.076 0.031 0.068 0.022 0.067 0.083 0.078 0.069
0.045 0.073 0.032 0.04 0.023 0.077 0.06 0.041 0.067 0.067 0.018 0.043 0.081 0.014 0.074 0.072 0.004 0.048 0.066 0.013 0.042
0.074 0.071 0.038 0.06 0.051 0.056 0.07 0.048 0.05 0.021 0.069 0.008 0.055 0.046 0.009 0.041 0.033 0.053 0.036 0.056 0.055
0.02 0.004 0.071 0.05 0.022 0.055 0.077 0.075 0.053 0.073 0.096 0.058 0.026 0.015 0.076 0.008 0.066 0.021 0.001 0.093 0.04
0.059 0.036 0.063 0.034 0.069 0.007 0.036 0.051 0.053 0.06 0.049 0.047 0.058 0.073 0.033 0.066 0.058 0.025 0.053 0.068 0.002
0.005 0.073 0.052 0.036 0.057 0.031 0.029 0.039 0.073 0.06 0.062 0.037 0.059 0.076 0.065 0.075 0.015 0.011 0.019 0.06 0.066
0.042 0.038 0.002 0.06 0.076 0.043 0.039 0.062 0.055 0.08 0.073 0.069 0.082 0.005 0.02 0.02 0.045 0.041 0.071 0.069 0.008
0.011 0.034 0.056 0.037 0.003 0.062 0.008 0.012 0.02 0.03 0.069 0.016 0.069 0.061 0.086 0.089 0.063 0.071 0.064 0.057 0.082
