mega
0.994
24
108
62 71 84 78 98 90 95
1 5 1 3 2 1 3
0.055 0.001 0.057 0.072 0.04 0.02 0.007 0.015 0.031 0.082 0.068 0.056 0.08 0.067 0.082 0.038 0.044 0.026 0.051 0.018 0.09
0.006 0.023 0.076 0.053 0.055 0.031 0.076 0.014 0.059 0.066 0.055 0.021 0.039 0.048 0.065 0.055 0.039 0.073 0.029 0.043 0.074
0.064 0.071 0.067 0.067 0.031 0.071 0.078 0.007 0.095 0.028 0.011 0.08 0.013 0.02 0.054 0.02 0.0 0.031 0.08 0.064 0.048
0.046 0.058 0.038 0.007 0.031 0.071 0.022 0.059 0.036 0.076 0.071 0.036 0.057 0.083 0.068 0.076 0.037 0.008 0.01 0.025 0.085
0.094 0.072 0.114 0.029 0.003 0.014 0.034 0.03 0.036 0.047 0.032 0.072 0.018 0.007 0.011 0.024 0.094 0.068 0.113 0.08 0.008
0.095 0.057 0.032 0.035 0.056 0.024 0.049 0.094 0.004 0.015 0.051 0.051 0.01 0.032 0.049 0.038 0.096 0.076 0.016 0.035 0.085
0.025 0.07 0.069 0.011 0.018 0.05 0.081 0.047 0.065 0.082 0.053 0.086 0.032 0.029 0.058 0.006 0.057 0.022 0.084 0.05 0.005
0.032 0.02 0.057 0.038 0.09 0.021 0.005 0.054 0.005 0.076 0.064 0.093 0.01 0.06 0.055 0.067 0.034 0.002 0.095 0.067 0.055
0.003 0.016 0.011 0.045 0.089 0.031 0.091 0.018 0.006 0.096 0.072 0.002 0.046 0.101 0.035 0.061 0.037 0.084 0.02 0.055 0.081
0.095 0.081 0.015 0.004 0.079 0.074 0.017 0.001 0.083 0.063 0.03 0.054 0.001 0.085 0.083 0.03 0.061 0.053 0.004 0.081 0.006
0.064 0.033 0.057 0.069 0.036 0.036 0.048 0.055 0.028 0.038 0.06 0.037 0.073 0.005 0.067 0.073 0.068 0.04 0.027 0.07 0.016
0.134 0.016 0.085 0.052 0.01 0.009 0.014 0.035 0.041 0.069 0.026 0.017 0.015 0.102 0.08 0.107 0.114 0.017 0.023 0.024 0.01
0.007 0.065 0.052 0.013 0.091 0.023 0.063 0.088 0.088 0.077 0.029 0.0 0.092 0.0 0.065 0.085 0.009 0.025 0.001 0.052 0.075
0.062 0.024 0.087 0.068 0.067 0.057 0.044 0.044 0.009 0.043 0.073 0.063 0.069 0.081 0.018 0.075 0.025 0.027 0.04 0.005 0.019
0.028 0.08 0.047 0.053 0.084 0.083 0.042 0.019 0.008 0.019 0.075 0.048 0.069 0.097 0.043 0.043 0.028 0.078 0.013 0.015 0.028
0.036 0.002 0.042 0.038 0.025 0.109 0.079 0.066 0.072 0.101 0.003 0.052 0.03 0.063 0.009 0.098 0.02 0.039 0.008 0.104 0.004
0.03 0.066 0.031 0.022 0.035 0.049 0.061 0.053 0.011 0.032 0.048 0.086 0.064 0.085 0.039 0.013 0.041 0.047 0.045 0.075 0.067
0.022 0.109 0.051 0.027 0.02 0.003 0.088 0.081 0.041 0.033 0.095 0.066 0.076 0.107 0.046 0.048 0.02 0.026 0.009 0.014 0.018
0.004 0.087 0.007 0.058 0.005 0.031 0.091 0.021 0.047 0.064 0.012 0.015 0.031 0.096 0.064 0.099 0.092 0.052 0.017 0.023 0.084
0.003 0.01 0.051 0.033 0.067 0.068 0.062 0.025 0.077 0.042 0.072 0.079 0.069 0.015 0.05 0.025 0.071 0.04 0.053 0.073 0.015
0.09 0.046 0.015 0.071 0.08 0.007 0.089 0.027 0.104 0.022 0.055 0.073 0.005 0.113 0.037 0.025 0.026 0.043 0.027 0.03 0.015
0.077 0.04 0.03 0.058 0.027 0.059 0.074 0.068 0.008 0.074 0.031 0.016 0.071 0.053 0.072 0.055 0.02 0.068 0.04 0.034 0.025
0.071 0.041 0.045 0.027 0.061 0.071 0.046 0.04 0.001 0.056 0.029 0.042 0.034 0.043 0.061 0.074 0.036 0.028 0.065 0.07 0.059
0.044 0.005 0.05 0.006 0.083 0.087 0.068 0.063 0.048 0.06 0.016 0.007 0.093 0.008 0.082 0.004 0.054 0.073 0.047 0.09 0.012
0.08 0.038 0.011 0.031 0.057 0.051 0.032 0.041 0.077 0.002 0.08 0.056 0.004 0.088 0.08 0.084 0.015 0.002 0.036 0.084 0.051
0.086 0.063 0.087 0.042 0.022 0.004 0.018 0.042 0.083 0.035 0.079 0.085 0.031 0.014 0.002 0.013 0.096 0.077 0.044 0.072 0.005
0.061 0.001 0.01 0.087 0.028 0.053 0.011 0.089 0.084 0.084 0.012 0.066 0.102 0.027 0.015 0.037 0.024 0.044 0.065 0.003 0.097
0.039 0.093 0.047 0.006 0.005 0.047 0.05 0.047 0.048 0.038 0.032 0.047 0.008 0.045 0.08 0.053 0.088 0.062 0.069 0.071 0.025
0.052 0.046 0.034 0.01 0.044 0.013 0.027 0.036 0.076 0.089 0.022 0.044 0.049 0.049 0.077 0.088 0.071 0.0 0.078 0.075 0.02
0.063 0.075 0.004 0.083 0.049 0.061 0.047 0.038 0.081 0.068 0.025 0.01 0.038 0.03 0.001 0.072 0.07 0.074 0.032 0.035 0.044
0.023 0.016 0.014 0.059 0.052 0.057 0.016 0.02 0.087 0.024 0.006 0.023 0.092 0.09 0.045 0.088 0.082 0.008 0.074 0.083 0.041
0.026 0.084 0.035 0.044 0.06 0.029 0.072 0.051 0.08 0.049 0.01 0.033 0.025 0.023 0.086 0.003 0.029 0.057 0.083 0.058 0.063
0.075 0.001 0.019 0.041 0.051 0.014 0.077 0.002 0.063 0.025 0.072 0.078 0.042 0.018 0.047 0.066 0.073 0.077 0.017 0.072 0.07
0.011 0.043 0.075 0.085 0.011 0.018 0.074 0.075 0.078 0.046 0.084 0.004 0.038 0.063 0.039 0.056 0.058 0.006 0.063 0.027 0.046
0.015 0.032 0.049 0.069 0.085 0.069 0.041 0.054 0.022 0.021 0.084 0.089 0.039 0.038 0.082 0.032 0.039 0.06 0.066 0.01 0.004
0.06 0.054 0.083 0.051 0.067 0.031 0.018 0.075 0.009 0.054 0.063 0.027 0.086 0.046 0.0 0.007 0.023 0.084 0.055 0.029 0.078
0.034 0.09 0.0 0.029 0.062 0.033 0.041 0.068 0.021 0.098 0.054 0.04 0.084 0.015 0.048 0.018 0.01 0.1 0.037 0.061 0.057
0.045 0.019 0.064 0.075 0.022 0.032 0.05 0.068 0.059 0.082 0.037 0.067 0.059 0.002 0.059 0.044 0.02 0.044 0.047 0.028 0.077
0.053 0.059 0.081 0.008 0.068 0.061 0.078 0.044 0.02 0.052 0.009 0.08 0.043 0.041 0.082 0.01 0.079 0.017 0.064 0.013 0.038
0.075 0.006 0.004 0.059 0.076 0.014 0.034 0.083 0.046 0.057 0.047 0.024 0.064 0.043 0.002 0.036 0.078 0.07 0.082 0.016 0.084
0.086 0.097 0.001 0.087 0.012 0.013 0.035 0.046 0.027 0.066 0.056 0.042 0.03 0.003 0.058 0.086 0.022 0.062 0.096 0.056 0.019
0.061 0.016 0.045 0.053 0.036 0.051 0.056 0.058 0.03 0.027 0.054 0.059 0.064 0.043 0.04 0.042 0.045 0.052 0.064 0.05 0.054
0.051 0.071 0.029 0.062 0.089 0.069 0.04 0.059 0.085 0.079 0.019 0.02 0.015 0.088 0.025 0.002 0.051 0.0 0.036 0.046 0.064
0.056 0.035 0.083 0.039 0.065 0.048 0.065 0.035 0.048 0.082 0.004 0.065 0.029 0.057 0.007 0.066 0.003 0.021 0.077 0.083 0.032
0.088 0.069 0.066 0.02 0.062 0.021 0.019 0.002 0.028 0.044 0.075 0.031 0.085 0.074 0.066 0.072 0.025 0.056 0.006 0.027 0.064
0.008 0.018 0.081 0.025 0.066 0.028 0.071 0.053 0.079 0.003 0.044 0.053 0.038 0.044 0.042 0.07 0.078 0.029 0.091 0.022 0.057
0.049 0.079 0.041 0.053 0.019 0.072 0.025 0.055 0.012 0.027 0.0 0.031 0.035 0.113 0.075 0.02 0.097 0.071 0.017 0.073 0.036
0.056 0.038 0.008 0.028 0.065 0.095 0.088 0.041 0.059 0.026 0.095 0.019 0.013 0.048 0.032 0.071 0.054 0.02 0.081 0.009 0.054
0.035 0.012 0.076 0.028 0.077 0.017 0.073 0.021 0.011 0.004 0.078 0.016 0.079 0.049 0.062 0.005 0.07 0.039 0.083 0.086 0.079
0.093 0.091 0.044 0.068 0.009 0.011 0.026 0.01 0.09 0.056 0.018 0.004 0.043 0.05 0.092 0.047 0.086 0.052 0.02 0.068 0.022
0.094 0.102 0.002 0.041 0.065 0.095 0.054 0.029 0.055 0.027 0.094 0.024 0.008 0.066 0.035 0.068 0.043 0.008 0.063 0.024 0.003
0.01 0.095 0.084 0.05 0.006 0.091 0.081 0.044 0.035 0.023 0.031 0.056 0.077 0.038 0.088 0.016 0.08 0.036 0.01 0.032 0.017
0.004 0.075 0.058 0.029 0.024 0.019 0.032 0.043 0.059 0.099 0.034 0.08 0.029 0.079 0.031 0.019 0.019 0.047 0.094 0.083 0.043
0.041 0.021 0.085 0.048 0.048 0.048 0.086 0.085 0.058 0.044 0.067 0.012 0.044 0.045 0.036 0.002 0.065 0.002 0.04 0.041 0.082
0.031 0.037 0.013 0.063 0.054 0.072 0.023 0.043 0.044 0.028 0.069 0.067 0.076 0.061 0.047 0.058 0.011 0.036 0.034 0.073 0.06
0.072 0.02 0.033 0.059 0.007 0.066 0.037 0.064 0.02 0.017 0.082 0.066 0.034 0.065 0.041 0.049 0.008 0.033 0.063 0.087 0.077
0.071 0.008 0.067 0.068 0.049 0.038 0.069 0.072 0.042 0.03 0.041 0.068 0.045 0.034 0.044 0.058 0.021 0.025 0.047 0.033 0.07
0.031 0.081 0.034 0.04 0.076 0.07 0.051 0.079 0.018 0.071 0.057 0.053 0.019 0.003 0.085 0.071 0.04 0.077 0.008 0.025 0.011
0.002 0.015 0.057 0.025 0.081 0.045 0.056 0.041 0.079 0.028 0.061 0.022 0.041 0.091 0.075 0.055 0.022 0.025 0.01 0.081 0.088
0.033 0.036 0.006 0.084 0.083 0.006 0.088 0.013 0.064 0.087 0.062 0.001 0.022 0.015 0.077 0.022 0.077 0.068 0.069 0.027 0.06
0.022 0.001 0.028 0.07 0.088 0.088 0.028 0.012 0.078 0.051 0.072 0.083 0.015 0.092 0.001 0.05 0.074 0.015 0.05 0.053 0.029
0.068 0.057 0.038 0.044 0.047 0.008 0.065 0.07 0.035 0.054 0.012 0.012 0.048 0.082 0.068 0.068 0.029 0.032 0.074 0.018 0.071
0.067 0.054 0.046 0.029 0.011 0.055 0.091 0.048 0.01 0.011 0.015 0.09 0.039 0.023 0.052 0.087 0.031 0.099 0.007 0.104 0.031
0.006 0.018 0.007 0.031 0.037 0.044 0.081 0.063 0.053 0.071 0.082 0.049 0.038 0.077 0.069 0.018 0.006 0.083 0.053 0.075 0.039
0.075 0.063 0.066 0.004 0.061 0.057 0.015 0.033 0.077 0.011 0.051 0.007 0.077 0.013 0.099 0.012 0.094 0.012 0.047 0.08 0.046
0.075 0.014 0.064 0.031 0.014 0.109 0.036 0.011 0.064 0.013 0.1 0.026 0.072 0.025 0.011 0.058 0.055 0.057 0.018 0.103 0.044
0.061 0.061 0.053 0.077 0.049 0.063 0.038 0.041 0.021 0.069 0.043 0.054 0.037 0.054 0.034 0.0 0.052 0.063 0.046 0.008 0.076
0.091 0.085 0.05 0.034 0.083 0.006 0.028 0.03 0.005 0.076 0.033 0.042 0.068 0.083 0.065 0.015 0.07 0.013 0.012 0.076 0.035
0.08 0.054 0.002 0.062 0.066 0.005 0.013 0.088 0.04 0.084 0.069 0.01 0.063 0.047 0.051 0.039 0.07 0.001 0.062 0.001 0.093
0.046 0.066 0.003 0.053 0.015 0.069 0.071 0.079 0.079 0.008 0.044 0.079 0.038 0.008 0.049 0.052 0.028 0.074 0.029 0.071 0.039
0.066 0.038 0.051 0.043 0.059 0.046 0.004 0.029 0.005 0.006 0.09 0.007 0.007 0.027 0.096 0.076 0.108 0.022 0.015 0.098 0.107
0.006 0.005 0.053 0.057 0.003 0.09 0.02 0.054 0.017 0.083 0.035 0.09 0.074 0.009 0.015 0.045 0.03 0.089 0.067 0.066 0.092
0.061 0.068 0.005 0.033 0.019 0.118 0.0 0.004 0.063 0.086 0.024 0.125 0.022 0.005 0.065 0.082 0.102 0.011 0.04 0.012 0.055
0.034 0.026 0.064 0.052 0.085 0.003 0.023 0.047 0.044 0.066 0.03 0.073 0.082 0.041 0.074 0.027 0.02 0.054 0.069 0.066 0.02
0.092 0.003 0.046 0.057 0.055 0.076 0.034 0.048 0.036 0.012 0.037 0.017 0.049 0.066 0.076 0.092 0.089 0.029 0.062 0.016 0.008
0.081 0.02 0.073 0.038 0.017 0.064 0.027 0.072 0.021 0.032 0.069 0.068 0.026 0.069 0.023 0.063 0.052 0.033 0.022 0.06 0.07
0.037 0.088 0.016 0.022 0.042 0.08 0.067 0.014 0.062 0.046 0.014 0.094 0.01 0.079 0.083 0.009 0.02 0.072 0.029 0.035 0.081
0.068 0.063 0.017 0.072 0.071 0.056 0.03 0.062 0.013 0.033 0.076 0.076 0.066 0.051 0.044 0.041 0.008 0.053 0.047 0.051 0.002
0.008 0.079 0.058 0.025 0.083 0.036 0.018 0.084 0.015 0.077 0.073 0.017 0.028 0.063 0.058 0.041 0.058 0.042 0.081 0.013 0.043
0.015 0.069 0.05 0.075 0.026 0.061 0.026 0.067 0.033 0.051 0.058 0.074 0.07 0.015 0.037 0.078 0.072 0.019 0.058 0.012 0.034
0.072 0.066 0.087 0.037 0.001 0.035 0.088 0.047 0.05 0.022 0.011 0.077 0.057 0.041 0.019 0.021 0.031 0.088 0.084 0.005 0.061
0.09 0.067 0.035 0.047 0.002 0.073 0.046 0.012 0.045 0.055 0.081 0.072 0.08 0.026 0.066 0.044 0.039 0.009 0.022 0.06 0.029
0.084 0.051 0.022 0.084 0.026 0.025 0.06 0.018 0.047 0.021 0.068 0.056 0.039 0.007 0.055 0.045 0.046 0.072 0.041 0.08 0.053
0.029 0.009 0.025 0.071 0.032 0.098 0.054 0.001 0.071 0.082 0.063 0.09 0.02 0.032 0.027 0.05 0.031 0.092 0.065 0.04 0.018
0.005 0.109 0.013 0.081 0.052 0.035 0.079 0.039 0.102 0.001 0.034 0.022 0.015 0.016 0.102 0.055 0.081 0.079 0.023 0.045 0.012
0.033 0.101 0.058 0.022 0.005 0.076 0.088 0.045 0.021 0.055 0.099 0.068 0.057 0.078 0.056 0.014 0.049 0.02 0.04 0.007 0.008
0.07 0.05 0.083 0.067 0.043 0.013 0.093 0.027 0.005 0.058 0.015 0.062 0.1 0.026 0.04 0.049 0.002 0.065 0.055 0.036 0.041
0.035 0.055 0.048 0.057 0.064 0.042 0.05 0.039 0.051 0.054 0.043 0.072 0.044 0.032 0.004 0.074 0.047 0.008 0.076 0.085 0.02
0.018 0.09 0.029 0.04 0.045 0.014 0.075 0.088 0.063 0.075 0.05 0.042 0.06 0.036 0.013 0.025 0.079 0.071 0.06 0.023 0.004
0.05 0.094 0.084 0.084 0.02 0.009 0.088 0.095 0.083 0.002 0.099 0.058 0.028 0.015 0.019 0.093 0.038 0.024 0.008 0.006 0.003
0.015 0.066 0.068 0.006 0.067 0.021 0.016 0.032 0.071 0.006 0.043 0.077 0.075 0.062 0.05 0.08 0.05 0.04 0.063 0.014 0.078
0.038 0.091 0.092 0.005 0.015 0.009 0.046 0.061 0.078 0.07 0.054 0.073 0.051 0.11 0.056 0.016 0.052 0.01 0.018 0.012 0.043
0.052 0.019 0.047 0.065 0.081 0.095 0.059 0.004 0.023 0.064 0.072 0.058 0.038 0.052 0.002 0.089 0.044 0.01 0.071 0.012 0.043
0.075 0.016 0.067 0.084 0.071 0.045 0.079 0.028 0.03 0.023 0.082 0.082 0.02 0.043 0.021 0.084 0.034 0.024 0.048 0.009 0.035
0.06 0.054 0.059 0.069 0.043 0.059 0.061 0.06 0.001 0.021 0.035 0.052 0.025 0.063 0.07 0.026 0.042 0.047 0.025 0.06 0.068
0.098 0.072 0.091 0.074 0.014 0.016 0.04 0.081 0.076 0.061 0.027 0.007 0.042 0.017 0.085 0.085 0.053 0.001 0.009 0.035 0.016
0.077 0.013 0.006 0.04 0.034 0.079 0.084 0.047 0.071 0.033 0.025 0.024 0.007 0.004 0.08 0.051 0.081 0.031 0.082 0.061 0.07
0.096 0.037 0.003 0.019 0.02 0.087 0.09 0.037 0.037 0.106 0.042 0.066 0.073 0.105 0.009 0.066 0.031 0.013 0.04 0.02 0.003
0.091 0.018 0.06 0.051 0.11 0.024 0.007 0.009 0.037 0.005 0.023 0.025 0.065 0.088 0.129 0.076 0.007 0.083 0.049 0.016 0.027
0.029 0.026 0.014 0.06 0.063 0.056 0.009 0.02 0.05 0.077 0.066 0.031 0.024 0.037 0.082 0.035 0.07 0.088 0.03 0.068 0.065
0.034 0.065 0.084 0.012 0.022 0.024 0.046 0.03 0.089 0.015 0.091 0.047 0.105 0.042 0.002 0.036 0.037 0.088 0.016 0.055 0.06
0.059 0.054 0.019 0.004 0.064 0.069 0.07 0.063 0.002 0.038 0.078 0.045 0.061 0.053 0.046 0.014 0.061 0.058 0.069 0.018 0.055
0.058 0.046 0.044 0.035 0.108 0.102 0.046 0.07 0.018 0.041 0.001 0.024 0.044 0.089 0.044 0.041 0.007 0.085 0.052 0.044 0.001
0.027 0.002 0.059 0.035 0.007 0.023 0.115 0.024 0.028 0.011 0.006 0.012 0.07 0.125 0.025 0.023 0.078 0.1 0.062 0.105 0.063
0.025 0.006 0.011 0.073 0.007 0.05 0.055 0.028 0.081 0.045 0.078 0.039 0.028 0.051 0.077 0.084 0.089 0.088 0.055 0.001 0.029
0.073 0.015 0.095 0.098 0.072 0.005 0.066 0.012 0.071 0.004 0.024 0.021 0.026 0.058 0.03 0.097 0.022 0.094 0.067 0.005 0.045
0.029 0.043 0.003 0.06 0.111 0.002 0.084 0.004 0.11 0.065 0.087 0.057 0.018 0.032 0.023 0.081 0.028 0.043 0.089 0.012 0.019
0.103 0.012 0.063 0.07 0.041 0.07 0.016 0.046 0.024 0.026 0.072 0.022 0.101 0.029 0.08 0.02 0.031 0.069 0.086 0.003 0.016
0.053 0.049 0.063 0.04 0.013 0.092 0.09 0.014 0.052 0.032 0.013 0.088 0.047 0.006 0.091 0.005 0.069 0.088 0.014 0.07 0.011
0.026 0.02 0.064 0.007 0.099 0.082 0.094 0.081 0.014 0.009 0.075 0.005 0.048 0.019 0.046 0.077 0.084 0.069 0.042 0.024 0.015
0.057 0.081 0.01 0.04 0.077 0.083 0.002 0.025 0.056 0.04 0.084 0.074 0.022 0.064 0.021 0.002 0.052 0.037 0.033 0.068 0.072
0.017 0.056 0.089 0.002 0.023 0.066 0.026 0.052 0.047 0.1 0.052 0.002 0.091 0.032 0.063 0.096 0.045 0.057 0.026 0.034 0.024
0.002 0.107 0.006 0.03 0.111 0.055 0.007 0.083 0.11 0.021 0.074 0.018 0.081 0.014 0.04 0.01 0.091 0.018 0.032 0.018 0.072
0.051 0.075 0.054 0.032 0.06 0.019 0.004 0.002 0.057 0.085 0.012 0.047 0.088 0.055 0.087 0.035 0.001 0.041 0.05 0.086 0.059
0.079 0.055 0.083 0.009 0.068 0.048 0.032 0.048 0.03 0.023 0.047 0.023 0.025 0.042 0.07 0.033 0.08 0.059 0.042 0.026 0.078
0.045 0.024 0.005 0.06 0.04 0.089 0.006 0.086 0.021 0.055 0.006 0.005 0.022 0.023 0.093 0.063 0.093 0.066 0.069 0.036 0.093
0.027 0.106 0.0 0.036 0.126 0.02 0.037 0.006 0.008 0.011 0.007 0.07 0.021 0.032 0.097 0.021 0.121 0.033 0.146 0.063 0.012
0.05 0.045 0.005 0.042 0.085 0.048 0.0 0.073 0.054 0.087 0.051 0.03 0.053 0.01 0.057 0.065 0.08 0.018 0.09 0.045 0.012
0.003 0.048 0.05 0.028 0.048 0.083 0.067 0.049 0.077 0.04 0.002 0.029 0.047 0.016 0.048 0.054 0.033 0.092 0.026 0.076 0.084
0.002 0.083 0.031 0.017 0.039 0.112 0.011 0.05 0.109 0.009 0.032 0.105 0.017 0.057 0.081 0.017 0.084 0.062 0.01 0.07 0.002
0.031 0.048 0.074 0.043 0.05 0.055 0.045 0.029 0.068 0.037 0.07 0.043 0.016 0.037 0.057 0.01 0.065 0.056 0.058 0.058 0.05
0.001 0.046 0.095 0.012 0.06 0.105 0.025 0.02 0.022 0.068 0.052 0.072 0.013 0.017 0.089 0.085 0.01 0.076 0.029 0.014 0.089
0.038 0.094 0.034 0.067 0.018 0.032 0.008 0.003 0.092 0.057 0.017 0.025 0.081 0.067 0.006 0.07 0.05 0.049 0.087 0.056 0.049
0.053 0.06 0.063 0.02 0.06 0.029 0.055 0.068 0.071 0.065 0.073 0.008 0.05 0.025 0.008 0.031 0.05 0.065 0.051 0.025 0.07
0.074 0.087 0.073 0.004 0.088 0.055 0.017 0.083 0.026 0.0 0.067 0.044 0.007 0.091 0.004 0.06 0.036 0.062 0.034 0.067 0.021
0.087 0.011 0.058 0.015 0.078 0.048 0.042 0.029 0.067 0.057 0.07 0.065 0.031 0.068 0.027 0.081 0.001 0.008 0.02 0.096 0.041
0.021 0.01 0.009 0.007 0.049 0.071 0.034 0.018 0.075 0.023 0.086 0.078 0.074 0.079 0.036 0.068 0.057 0.014 0.058 0.054 0.079
0.039 0.026 0.001 0.066 0.087 0.035 0.057 0.038 0.099 0.028 0.022 0.026 0.028 0.053 0.044 0.096 0.079 0.012 0.028 0.07 0.066
0.003 0.084 0.07 0.012 0.039 0.045 0.018 0.072 0.02 0.037 0.035 0.098 0.004 0.078 0.051 0.058 0.029 0.088 0.06 0.03 0.069
0.044 0.032 0.059 0.048 0.062 0.032 0.055 0.006 0.073 0.056 0.065 0.024 0.056 0.048 0.029 0.027 0.07 0.074 0.052 0.035 0.053
0.026 0.065 0.024 0.051 0.073 0.081 0.046 0.054 0.009 0.032 0.01 0.081 0.063 0.073 0.084 0.046 0.029 0.011 0.023 0.038 0.081
0.03 0.042 0.068 0.023 0.03 0.033 0.094 0.024 0.046 0.071 0.069 0.042 0.039 0.055 0.008 0.069 0.072 0.012 0.004 0.086 0.083
0.047 0.032 0.068 0.051 0.061 0.064 0.003 0.05 0.067 0.004 0.053 0.065 0.006 0.074 0.057 0.029 0.038 0.051 0.069 0.065 0.046
0.07 0.056 0.02 0.018 0.015 0.07 0.048 0.051 0.076 0.039 0.031 0.076 0.028 0.007 0.055 0.059 0.062 0.078 0.056 0.03 0.055
0.049 0.082 0.06 0.06 0.043 0.014 0.025 0.024 0.006 0.011 0.085 0.092 0.055 0.062 0.022 0.008 0.1 0.027 0.063 0.039 0.073
0.013 0.015 0.048 0.007 0.095 0.035 0.089 0.101 0.008 0.03 0.054 0.037 0.073 0.029 0.097 0.014 0.032 0.017 0.103 0.036 0.067
0.048 0.072 0.102 0.042 0.032 0.014 0.101 0.019 0.064 0.077 0.058 0.037 0.1 0.064 0.06 0.017 0.027 0.031 0.013 0.002 0.02
0.059 0.077 0.022 0.078 0.001 0.079 0.066 0.044 0.024 0.08 0.047 0.033 0.02 0.068 0.069 0.054 0.06 0.032 0.007 0.061 0.019
0.072 0.025 0.023 0.023 0.063 0.077 0.044 0.015 0.062 0.057 0.025 0.03 0.028 0.056 0.074 0.01 0.067 0.055 0.065 0.066 0.063
0.036 0.079 0.024 0.019 0.007 0.044 0.083 0.08 0.05 0.027 0.035 0.025 0.073 0.045 0.051 0.058 0.039 0.077 0.082 0.033 0.033
0.044 0.009 0.046 0.047 0.012 0.044 0.058 0.04 0.074 0.019 0.064 0.06 0.063 0.074 0.03 0.071 0.049 0.037 0.035 0.057 0.067
0.035 0.045 0.048 0.043 0.056 0.045 0.073 0.011 0.042 0.053 0.046 0.083 0.02 0.025 0.057 0.031 0.039 0.039 0.056 0.069 0.084
0.056 0.067 0.048 0.066 0.067 0.065 0.065 0.072 0.037 0.062 0.055 0.038 0.042 0.072 0.041 0.052 0.019 0.017 0.026 0.027 0.006
0.092 0.062 0.004 0.002 0.004 0.096 0.017 0.077 0.052 0.024 0.026 0.051 0.1 0.098 0.092 0.025 0.04 0.072 0.055 0.01 0.001
0.006 0.031 0.079 0.061 0.054 0.109 0.021 0.001 0.009 0.032 0.053 0.003 0.001 0.023 0.121 0.043 0.046 0.112 0.081 0.043 0.071
0.063 0.095 0.015 0.078 0.087 0.029 0.029 0.082 0.016 0.062 0.034 0.037 0.024 0.024 0.099 0.013 0.095 0.014 0.03 0.073 0.001
0.04 0.061 0.065 0.082 0.038 0.085 0.021 0.02 0.035 0.061 0.031 0.08 0.06 0.05 0.044 0.012 0.029 0.025 0.024 0.071 0.066
